151.3089
152.6409
153.9966
155.3765
156.7814
158.2119
159.6688
161.1528
162.6646
164.2050
165.7749
167.3751
169.0065
170.6700
172.3666
174.0972
175.8630
177.6649
179.5042
181.3819
183.2993
185.2577
187.2584
189.3028
191.3923
193.5285
195.7129
197.9471
200.2330
202.5723
204.9668
207.4187
209.9299
212.5027
215.1393
217.8422
220.6139
223.4569
226.3743
229.3688
232.4436
235.6019
238.8473
242.1833
245.6138
249.1430
252.7750
256.5144
260.3662
264.3354
268.4275
272.6483
277.0040
281.5010
286.1465
290.9479
295.9132
301.0509
306.3702
311.8808
317.5932
323.5189
329.6698
336.0592
342.7012
349.6110
356.8051
364.3016
372.1198
380.2810
388.8081
397.7264
407.0635
416.8495
427.1177
437.9044
449.2501
461.1994
473.8017
487.1120
501.1918
516.1098
531.9431
548.7787
566.7147
585.8627
606.3499
628.3220
651.9462
677.4164
704.9576
734.8331
767.3529
802.8843
841.8660
884.8260
932.4063
985.3946
1044.7683
1111.7558
