151.4117
152.8502
154.3164
155.8109
157.3346
158.8885
160.4733
162.0901
163.7398
165.4235
167.1421
168.8968
170.6887
172.5190
174.3891
176.3001
178.2535
180.2506
182.2930
184.3822
186.5198
188.7077
190.9474
193.2409
195.5902
197.9974
200.4645
202.9939
205.5879
208.2491
210.9800
213.7836
216.6627
219.6203
222.6599
225.7847
228.9985
232.3052
235.7087
239.2134
242.8239
246.5451
250.3821
254.3405
258.4260
262.6449
267.0038
271.5098
276.1706
280.9942
285.9892
291.1651
296.5317
302.0999
307.8813
313.8882
320.1341
326.6337
333.4027
340.4582
347.8188
355.5046
363.5378
371.9424
380.7449
389.9740
399.6618
409.8431
420.5567
431.8454
443.7569
456.3442
469.6664
483.7898
498.7890
514.7479
531.7619
549.9390
569.4028
590.2949
612.7785
637.0427
663.3076
691.8315
722.9188
756.9314
794.3025
835.5554
881.3281
932.4063
989.7694
1054.6534
1128.6410
1213.7927
1312.8418
1429.4926
1568.8946
1738.4230
1949.0271
2217.6931
